cycles=170939
read_miss_rate=0.0708806
write_miss_rate=0.546938
