nb_cycle=177913
nb_read_miss=0.182755
nb_write_miss=0.563467
