nb_cycle=170939
nb_read_miss=0.0708806
nb_write_miss=0.546938
